$ANSIBLE_VAULT;1.1;AES256
62663834636536316663623161336561336266653264656265303366353263656134303833393131
6162386239663433326236343064366463356235346537640a373435336265643763343662306361
38363564363132623436363163336465313461616266346336343632363763626237613861663930
3366623134376334350a326431656438633533663163346262373136646630623665393564363964
35653733626632356636386537623934363364303035346335616538643533653631393730376433
65623964333236353534303761393762636663383636613434653430303234366263313034333336
30663230353463376233373765396464363038343561336638316462386130313864323162323038
66313962316336363235323264633465653664303534636465353332343461333537616535313861
61383734396433323730626330373734616535323364326635646362343031626532313536623865
64343565313035343630616139383764663934666332616263623835376465616332313966666366
38643234633465353735316334306233346335393862633531316338393135646633656630353636
34616432623761343834363731326661343764323235393738666662613539366461393234646264
64393262323335356232333966366561643233623037373661623939656262626433323934376634
32333963396431636536383532626333306366363934353636326235353038646461346265363664
30306463313236303534613231366361353036623831383234373161343939313762323636656361
61383238636331366335633164613332613366303666623964363335353935376330353738643234
38326666633437306463663766386264376236386562313063653939656638633439656638643038
65373864643835316462646536636339373264643262616635326238353537396462396661343134
33333664623036373036653131373634646230646533313663623933353637316436613864626634
31346566323065346530366364376432323836646630333030346437626162343135383166373065
61326363383837666438353031366235363235393430366131633538313931616434643830356363
62313830373062643863663930326634623832623566633163313334363334373063366130346539
38666439376664386632623362316465636633336362366233353066613836653137616566346364
63313035323464356337663165366362333563326236623531623438656333326238353738613462
30373334336334653964663530323336326166353034663431303132313861393634636563303330
34656430613763663431343461663531353836373232633631323965353663383231333762653037
34613739373836306365653666653532373334336464616162356262303962383838323662616663
65613131343231383033656530306137303832363139333366373135346433363133613738376136
35613633303639616464353663663232303961326335316530613864313530306538386563363031
66373337313564363061346161383064653638643262326664326232623763333863306432613330
36333431376165333737393639613738636231656164613733356262613934663662653534323133
37643566336538303531366136663162613862343732633162633331666239383337663230353239
39653866336634323138316237353337313766396630346166613830616261646431366331626536
37646134346563333737643362643430623664623137336430633831313635363630303961306463
31383262306235366334663263313363353763373130643734353263663464613865646232323561
36333837633837326438643433306265626432613366633631363035393834383362303135663830
38356463613034373939666631326663366562376463323239626136663536393964333733616132
30393766643735353261313538636434343863653630663937373131613636623937313038643732
39383937653536363232633563613465313036383033666361646266353436346134383931346534
36343934366138336362333761313939373636653263646230643161353034333938396138633263
33323533356639366636663630383130633239623639306138666238396531363066343366393237
64636166373239353136386165373862666361646437383364623265313363323830323664643137
33396233663431353034623930303930643665363837633165656635663639343036616332316262
31376662333634346661653430643231313338333434376634343665643033623537323630326664
63613863366538643832363237643466613163623137613636386131343463633963303335313430
64333430326539303433633838356231613739653739376535373563323531336563336166613164
66323963376164663032346563313864393063353162643034646566346163363362643231356233
38353365313537636134376436643062613639326563633639386532653434383830663161346535
64333038663166626132323134336533323863316437306466353231326137323761336230623430
61333430356434653330643638393063366263616435613335396365323235323931653533333762
30363766313838643865356364373266303066623233626138633939663138633935656336356136
63666437353039346133396137336137316432656631643365306234343137336261326232623666
39373061383133656630343166633764356535393339356434346561343633343437333666323533
34353266333262666161363532386330306331616637323966346364653436653132306163313865
65376264393365643036323864313132613764663635396634666435333331383631346364393361
36373633656364336336373236376630383335396638633935306430383934326232633436313139
63303934396462376561353164663938326331323935363763633739336165376663623364626638
33613937636363613932653435386238613065346466353535633936646339336165376531626637
30633639646463313337393665393163363531303736373465633432396135646666316336663838
30323039643532396364393738653761363563343030366261363731656162613166333738303762
64356364386236643437303061333536323230636131363462383134633132376636356264363761
34343165336466376363313038393164373539313536626139306464356234616238333439326437
39323635653835386663396236396631306264663434303930616231386332393961626233356332
33666133653161376332386234363735633539613364626563363138323563626663353136336661
31663631343365313238373961313061353733366531613437383066343165356234373939353630
30373463326162633064353932623838336533636135616131623537336438633430623237306236
34663661636636346330643938353039643033303965616235373135346234633863663430633137
36333235616530623434666438353862373039393130623036363032633531316139613735363165
64643732313439383063633831346532633138366432373138613063623830653939616666663462
62363739353936653962373438643737353866656137323334396233353635316662383730303731
38396438646639376466363263626363643239393939393430333066353339643630643636666265
31663234353162333361323036333264333063316161366437613030396237393637396238326665
34626562656131353634333036636432633265626337616336653862643564396331666162393364
61343166653638643838383837386532333835393937336336333032313731326439363536333662
30336438383730653034376235316564393631373732366261666130353564333031663165633637
63353763393766336331653464353138326265656439373563646139633364656232653966313663
61656430386331346466363431303138646632383237663437353166316235666638383130353633
38653839653937343735626230613662653837633833616535393537663763613536303564316363
38653633376133366633353635373961623230393138626634633864313962356333323838383463
35326232636564363865363762663238376665363830633035373262356330343233303135303536
65623534313561633134336335326465323431323061636430393330373131386434383037636564
63336434643138653266366266666534656534323064333734383062356261356364643463636365
34636230653635616335643666316534656435356166633963346530653364303932373331323733
35386236316462383839356331663261646632616363393764326362656462383239363831303530
33393662396236386337356433626334626135613034643531383164303436373064366663643662
63653438633062373265663361393339646561316333633533613765326438653735626264376663
62393836313938303735653933653234383433333064373564616130333634333266633464643366
30616462656366313334363964323338656462386137383264333263306665336230383835363866
33616431646436633739643961373139376262636336336431303037313163613066366336323332
32366635383961323332663837396361333137303238343261376562353463666334383836643130
37633565393639643831623263666638626233353037366365333632666261303030633866373930
34616163666362326537613837653437613336393138333539303137636331303333376165393662
66393164343565373430626433383331356361386137343737646665643732383863666265363863
66323963316165333938363530623038383262636361636135636434626532623137373964653530
32376532663965396632653834643266333038646633396630353536303532386432353739393063
35306365623665646437383734356438346536336262393138653836313438646137376139303634
66626166653265383764363465343433323465306434643465383263366362363635343130646432
37383033616439653733313836633265313935313939636634303436373436356462633865623339
38306637633164373830303039383536653062336533383737633536366165636366666236303637
63353535386539383661323965306364666535663265376234396234393734656265353665656361
34623139326539366363613731373030633162663836393238393863663035373533306533373138
65396164643363643432633465666136626330643966616161626632626434376332623532383832
39623035323161653265356136373966663439666361643363616562306437383939666435333631
63383366646230626534656164343266643632396637363632353933616661633734663838393831
62353964366331306535313435643366313239333064326661366262643039303062393661383762
65386562636361633236363037366136313563373735323934643631323438303331643266643838
30623935373935373432663337363135346639323265613631613963626435386532623234396535
35653238656431396631636639633138626530383531653137373833666134303735643038303335
33633935653734373264623239633434666664386537653839326331396266303538353536613765
62343333366134396264393365356235386465633965656164386631393135653935666564356437
63303337613533316636663435326562656232656462636338376230646665356536326139373130
39643037656235306134653134623363316633616634616635323964643364323166613433343362
32633639653438346163386461333666313936313336343339636364353466393336323336663431
63366135323536353864623539343933336266363431346366643235323263643862373466626634
64363534653266343631643564626566646330633936643132393266306665353631363262353930
38363633336630393162323337366665383938306330366463306266343130373030303131616433
35663332366265613939323165313666376333313332653939383765663431666266383437356630
64666236336165653161633334333033643864316535396533393864653731663663316335353865
39393833613965636436396333636366633332623631333964376337323166313637663933353532
64666334353934643430356639376338363266383263636430643635663931396134383337313633
32663935383565363635316330353162353965323438303662613835333665633866666434633831
32316339323866323034363534373730323263376438643239646536393336623239373236323239
63326331373666616661613433343265366562313233376135643939613764643064356665663232
63396535383962633338663764326364313237643261613032663632643437333835306565343234
61383039636131333439356439313865616537626361306433323830623865613431306133666631
62306232303730393764623761373936316365343261393565386136373063316264323331373965
61616630323765373330396137323431313637626132356236386433366666313934356130393963
30666131626564373164623831313265353462316664333065373765663462343236333261623036
38663732356363356161636561396265663761613439396536393538396535636533346530383639
61353463373136306532643339373237663936613335393335633532393033393635626539346361
63653665333836616530343464323266343335623963363533333565623738383463303635393731
62373661306536613363636466313765646364346531306336393232313164613130353162313166
30383534643936376564386463333464393531643033343966353430643261303134323336616434
32313261646637373738343865623330343630316261363639666261613739356135393032333939
363066623736653365353566663262353835
